YY MM DD hh WD   WSPD GST  WVHT  DPD   APD  MWD  BAR    ATMP  WTMP  DEWP  VIS
87 12 04 12 275 06.2 06.9 99.00 99.00 99.00 999 1018.6  20.0  25.8 999.0 99.0
87 12 04 13 273 06.5 07.3 99.00 99.00 99.00 999 1019.0  20.2  25.8 999.0 99.0
87 12 04 14 271 05.6 06.2 99.00 99.00 99.00 999 1019.3  20.5  25.8 999.0 99.0
87 12 04 15 285 06.1 07.3 99.00 99.00 99.00 999 1019.1  20.8  25.8 999.0 99.0
87 12 04 16 283 07.2 08.1 99.00 99.00 99.00 999 1018.8  21.1  25.7 999.0 99.0
87 12 04 17 283 08.8 09.6 99.00 99.00 99.00 999 1017.5  21.3  25.6 999.0 99.0
87 12 04 18 280 10.1 11.4 99.00 99.00 99.00 999 1016.4  21.5  25.2 999.0 99.0
87 12 04 19 281 10.1 12.2 99.00 99.00 99.00 999 1015.5  21.5  25.7 999.0 99.0
87 12 04 20 276 10.4 11.5 99.00 99.00 99.00 999 1015.2  21.8  25.8 999.0 99.0
87 12 04 21 277 10.1 11.4 99.00 99.00 99.00 999 1015.2  21.9  25.9 999.0 99.0
87 12 04 22 277 09.9 10.7 99.00 99.00 99.00 999 1015.6  21.9  25.8 999.0 99.0
87 12 04 23 282 09.4 10.6 99.00 99.00 99.00 999 1015.8  21.8  26.0 999.0 99.0
87 12 05 00 279 07.8 08.4 99.00 99.00 99.00 999 1016.2  21.7  26.2 999.0 99.0
87 12 05 01 280 07.4 08.3 99.00 99.00 99.00 999 1016.5  21.8  26.2 999.0 99.0
87 12 05 02 269 07.9 08.9 99.00 99.00 99.00 999 1016.8  21.9  26.2 999.0 99.0
87 12 05 03 280 07.7 08.9 99.00 99.00 99.00 999 1017.1  21.9  26.2 999.0 99.0
87 12 05 04 293 06.5 07.5 99.00 99.00 99.00 999 1017.1  21.0  26.2 999.0 99.0
87 12 05 05 298 07.3 08.8 99.00 99.00 99.00 999 1017.0  20.8  26.1 999.0 99.0
87 12 05 06 310 07.8 09.0 99.00 99.00 99.00 999 1017.1  20.5  26.0 999.0 99.0
87 12 05 07 314 08.1 09.3 99.00 99.00 99.00 999 1016.9  20.1  25.8 999.0 99.0
87 12 05 08 346 09.7 11.2 99.00 99.00 99.00 999 1017.1  18.8  25.6 999.0 99.0
87 12 05 09 345 09.7 10.5 99.00 99.00 99.00 999 1017.2  17.8  25.5 999.0 99.0
87 12 05 10 354 09.6 10.8 99.00 99.00 99.00 999 1017.6  17.4  25.3 999.0 99.0
87 12 05 11 348 08.3 09.5 99.00 99.00 99.00 999 1018.1  17.1  25.2 999.0 99.0
87 12 05 12 006 07.3 07.9 99.00 99.00 99.00 999 1018.9  15.8  25.0 999.0 99.0
87 12 05 13 010 07.7 08.3 99.00 99.00 99.00 999 1019.7  15.3  25.1 999.0 99.0
87 12 05 14 354 07.3 08.0 99.00 99.00 99.00 999 1020.2  15.0  24.9 999.0 99.0
87 12 05 15 357 08.2 09.3 99.00 99.00 99.00 999 1020.5  14.9  25.4 999.0 99.0
87 12 05 16 339 07.5 08.7 99.00 99.00 99.00 999 1020.5  15.5  25.6 999.0 99.0
87 12 05 17 343 07.2 09.2 99.00 99.00 99.00 999 1019.5  16.0  25.7 999.0 99.0
87 12 05 18 354 07.2 08.3 99.00 99.00 99.00 999 1018.7  16.4  25.8 999.0 99.0
87 12 05 19 352 07.2 08.7 99.00 99.00 99.00 999 1018.7  16.7  25.9 999.0 99.0
87 12 05 20 358 07.2 08.2 99.00 99.00 99.00 999 1018.3  17.0  26.0 999.0 99.0
87 12 05 21 006 05.6 06.8 99.00 99.00 99.00 999 1018.3  17.6  26.2 999.0 99.0
87 12 05 22 005 06.0 07.1 99.00 99.00 99.00 999 1018.9  17.7  26.2 999.0 99.0
87 12 05 23 005 05.0 06.9 99.00 99.00 99.00 999 1019.3  17.4  26.1 999.0 99.0
87 12 06 00 003 05.1 06.3 99.00 99.00 99.00 999 1019.7  17.1  26.0 999.0 99.0
87 12 06 01 003 05.6 06.2 99.00 99.00 99.00 999 1020.1  16.9  25.9 999.0 99.0
87 12 06 02 352 06.2 07.0 99.00 99.00 99.00 999 1020.4  16.4  26.0 999.0 99.0
87 12 06 03 004 06.2 07.0 99.00 99.00 99.00 999 1020.3  16.1  26.0 999.0 99.0
87 12 06 04 357 07.2 07.9 99.00 99.00 99.00 999 1020.5  15.6  26.0 999.0 99.0
87 12 06 05 360 07.4 08.4 99.00 99.00 99.00 999 1020.3  15.7  25.8 999.0 99.0
87 12 06 06 002 08.0 08.9 99.00 99.00 99.00 999 1020.2  15.6  25.6 999.0 99.0
87 12 06 07 004 07.1 08.3 99.00 99.00 99.00 999 1019.9  15.3  25.5 999.0 99.0
87 12 06 08 006 08.7 09.5 99.00 99.00 99.00 999 1020.1  14.9  25.3 999.0 99.0
87 12 06 09 004 07.6 08.5 99.00 99.00 99.00 999 1019.9  15.1  25.1 999.0 99.0
87 12 06 10 004 08.7 09.6 99.00 99.00 99.00 999 1019.9  15.3  25.0 999.0 99.0
87 12 06 11 008 08.7 09.5 99.00 99.00 99.00 999 1020.2  15.4  24.8 999.0 99.0
87 12 06 12 006 08.4 09.3 99.00 99.00 99.00 999 1020.8  15.5  24.9 999.0 99.0
87 12 06 13 012 07.5 08.2 99.00 99.00 99.00 999 1021.6  15.9  25.1 999.0 99.0
87 12 06 14 015 07.0 07.8 99.00 99.00 99.00 999 1022.2  16.9  25.4 999.0 99.0
87 12 06 15 020 06.2 06.7 99.00 99.00 99.00 999 1022.4  18.4  25.7 999.0 99.0
87 12 06 16 095 06.7 07.7 99.00 99.00 99.00 999 1021.9  20.4  26.0 999.0 99.0
87 12 06 17 095 05.1 06.6 99.00 99.00 99.00 999 1021.3  20.7  26.0 999.0 99.0
87 12 06 18 079 06.2 07.0 99.00 99.00 99.00 999 1020.6  20.5  26.0 999.0 99.0
87 12 06 19 083 05.8 06.7 99.00 99.00 99.00 999 1020.1  20.7  26.2 999.0 99.0
87 12 06 20 059 06.7 07.5 99.00 99.00 99.00 999 1019.5  20.7  26.0 999.0 99.0
87 12 06 21 063 06.7 07.8 99.00 99.00 99.00 999 1019.5  20.9  26.0 999.0 99.0
87 12 06 22 075 08.7 10.2 99.00 99.00 99.00 999 1019.7  21.0  25.8 999.0 99.0
87 12 06 23 090 07.4 08.2 99.00 99.00 99.00 999 1020.2  21.3  25.8 999.0 99.0
87 12 07 00 075 07.8 09.3 99.00 99.00 99.00 999 1020.6  21.4  25.7 999.0 99.0
87 12 07 01 099 08.3 09.2 99.00 99.00 99.00 999 1020.9  21.7  25.6 999.0 99.0
87 12 07 02 106 09.2 09.9 99.00 99.00 99.00 999 1020.9  21.8  25.5 999.0 99.0
87 12 07 03 094 08.0 09.1 99.00 99.00 99.00 999 1020.9  21.9  25.4 999.0 99.0
87 12 07 04 098 08.2 09.7 99.00 99.00 99.00 999 1020.7  22.0  25.4 999.0 99.0
87 12 07 05 102 10.1 11.2 99.00 99.00 99.00 999 1019.8  22.1  25.5 999.0 99.0
87 12 07 06 103 10.0 12.3 99.00 99.00 99.00 999 1019.3  22.3  25.5 999.0 99.0
87 12 07 07 102 09.0 10.3 99.00 99.00 99.00 999 1019.1  22.3  25.5 999.0 99.0
87 12 07 08 101 08.8 10.4 99.00 99.00 99.00 999 1019.3  22.5  25.5 999.0 99.0
87 12 07 09 099 08.4 09.3 99.00 99.00 99.00 999 1018.9  22.5  25.4 999.0 99.0
87 12 07 10 118 07.8 09.4 99.00 99.00 99.00 999 1018.8  22.9  25.5 999.0 99.0
87 12 07 11 110 06.9 07.5 99.00 99.00 99.00 999 1019.1  22.9  25.5 999.0 99.0
87 12 07 12 095 08.3 09.1 99.00 99.00 99.00 999 1019.4  23.0  25.6 999.0 99.0
87 12 07 13 122 07.5 08.7 99.00 99.00 99.00 999 1020.0  23.1  25.6 999.0 99.0
87 12 07 14 096 08.1 09.4 99.00 99.00 99.00 999 1020.2  23.3  25.7 999.0 99.0
87 12 07 15 115 09.0 10.1 99.00 99.00 99.00 999 1019.9  23.3  25.8 999.0 99.0
87 12 07 16 112 09.1 10.1 99.00 99.00 99.00 999 1019.4  23.3  25.8 999.0 99.0
87 12 07 17 105 08.3 09.2 99.00 99.00 99.00 999 1019.0  23.3  25.8 999.0 99.0
87 12 07 18 097 09.0 09.9 99.00 99.00 99.00 999 1018.2  23.3  25.7 999.0 99.0
87 12 07 19 105 08.3 09.9 99.00 99.00 99.00 999 1017.7  23.4  25.8 999.0 99.0
87 12 07 20 088 08.9 09.7 99.00 99.00 99.00 999 1017.8  23.5  25.8 999.0 99.0
87 12 07 21 090 09.1 10.3 99.00 99.00 99.00 999 1018.1  23.6  25.8 999.0 99.0
87 12 07 22 084 09.0 09.7 99.00 99.00 99.00 999 1018.1  23.5  25.8 999.0 99.0
87 12 07 23 094 10.4 11.7 99.00 99.00 99.00 999 1017.7  23.6  25.7 999.0 99.0
87 12 08 00 096 10.3 11.8 99.00 99.00 99.00 999 1017.9  23.8  25.7 999.0 99.0
87 12 08 01 097 10.9 12.8 99.00 99.00 99.00 999 1018.1  23.8  25.7 999.0 99.0
87 12 08 02 099 11.4 12.5 99.00 99.00 99.00 999 1018.2  23.7  25.7 999.0 99.0
87 12 08 03 098 12.8 14.5 99.00 99.00 99.00 999 1017.9  23.6  25.6 999.0 99.0
87 12 08 04 107 10.5 12.2 99.00 99.00 99.00 999 1018.2  23.6  25.6 999.0 99.0
87 12 08 05 101 10.6 12.4 99.00 99.00 99.00 999 1017.7  23.7  25.6 999.0 99.0
87 12 08 06 099 10.6 12.0 99.00 99.00 99.00 999 1016.9  23.7  25.6 999.0 99.0
87 12 08 07 088 11.1 12.2 99.00 99.00 99.00 999 1016.2  23.6  25.6 999.0 99.0
87 12 08 08 090 09.0 11.0 99.00 99.00 99.00 999 1016.2  23.7  25.6 999.0 99.0
87 12 08 09 091 11.5 12.7 99.00 99.00 99.00 999 1015.4  23.8  25.4 999.0 99.0
87 12 08 10 095 10.9 11.8 99.00 99.00 99.00 999 1016.0  23.7  25.4 999.0 99.0
87 12 08 11 093 11.7 13.1 99.00 99.00 99.00 999 1016.2  23.9  25.3 999.0 99.0
87 12 08 12 087 12.1 13.6 99.00 99.00 99.00 999 1016.9  23.9  25.3 999.0 99.0
87 12 08 13 091 11.6 12.8 99.00 99.00 99.00 999 1017.4  23.9  25.3 999.0 99.0
87 12 08 14 092 11.5 13.1 99.00 99.00 99.00 999 1017.4  23.9  25.3 999.0 99.0
87 12 08 15 089 11.7 13.4 99.00 99.00 99.00 999 1017.3  24.0  25.4 999.0 99.0
87 12 08 16 092 13.3 15.4 99.00 99.00 99.00 999 1016.6  24.0  25.4 999.0 99.0
87 12 08 17 086 11.0 12.8 99.00 99.00 99.00 999 1015.9  24.1  25.5 999.0 99.0
87 12 08 18 084 11.9 13.4 99.00 99.00 99.00 999 1014.7  23.9  25.5 999.0 99.0
87 12 08 19 087 11.5 13.0 99.00 99.00 99.00 999 1014.4  23.4  25.5 999.0 99.0
87 12 08 20 088 11.6 12.5 99.00 99.00 99.00 999 1014.6  24.0  25.5 999.0 99.0
87 12 08 21 084 10.4 12.1 99.00 99.00 99.00 999 1014.8  24.2  25.5 999.0 99.0
87 12 08 22 090 09.9 11.1 99.00 99.00 99.00 999 1014.9  24.2  25.5 999.0 99.0
87 12 08 23 087 10.8 11.7 99.00 99.00 99.00 999 1014.6  24.2  25.5 999.0 99.0
87 12 09 00 085 10.4 12.1 99.00 99.00 99.00 999 1014.6  24.1  25.5 999.0 99.0
87 12 09 01 089 11.4 12.4 99.00 99.00 99.00 999 1014.2  24.2  25.5 999.0 99.0
87 12 09 02 098 09.7 11.1 99.00 99.00 99.00 999 1014.5  24.3  25.5 999.0 99.0
87 12 09 03 100 08.5 09.7 99.00 99.00 99.00 999 1014.8  24.4  25.4 999.0 99.0
87 12 09 04 154 07.3 08.1 99.00 99.00 99.00 999 1014.6  23.6  25.2 999.0 99.0
87 12 09 05 103 09.5 11.3 99.00 99.00 99.00 999 1014.3  24.4  25.5 999.0 99.0
87 12 09 06 109 09.2 10.3 99.00 99.00 99.00 999 1013.8  24.3  25.3 999.0 99.0
87 12 09 07 114 05.8 06.5 99.00 99.00 99.00 999 1013.6  24.0  25.5 999.0 99.0
87 12 09 08 121 06.6 07.3 99.00 99.00 99.00 999 1013.6  21.6  25.4 999.0 99.0
87 12 09 09 089 08.0 09.0 99.00 99.00 99.00 999 1013.7  21.8  25.4 999.0 99.0
87 12 09 10 046 03.6 03.9 99.00 99.00 99.00 999 1014.0  22.5  25.4 999.0 99.0
87 12 09 11 217 03.0 03.7 99.00 99.00 99.00 999 1014.5  21.1  25.4 999.0 99.0
87 12 09 12 293 04.6 05.3 99.00 99.00 99.00 999 1014.7  21.0  25.5 999.0 99.0
87 12 09 13 360 06.3 07.1 99.00 99.00 99.00 999 1015.1  21.8  25.6 999.0 99.0
87 12 09 14 018 05.8 06.4 99.00 99.00 99.00 999 1015.4  22.3  25.6 999.0 99.0
87 12 09 15 065 08.2 09.0 99.00 99.00 99.00 999 1015.1  24.7  25.7 999.0 99.0
87 12 09 16 070 09.2 10.3 99.00 99.00 99.00 999 1014.6  24.8  25.5 999.0 99.0
87 12 09 17 079 08.7 09.6 99.00 99.00 99.00 999 1013.8  24.8  25.8 999.0 99.0
87 12 09 18 065 08.3 09.0 99.00 99.00 99.00 999 1013.0  24.8  25.7 999.0 99.0
87 12 09 19 064 08.7 09.5 99.00 99.00 99.00 999 1012.3  24.7  26.0 999.0 99.0
87 12 09 20 063 09.0 10.1 99.00 99.00 99.00 999 1012.3  24.6  25.9 999.0 99.0
87 12 09 21 064 08.3 09.9 99.00 99.00 99.00 999 1012.3  24.8  25.7 999.0 99.0
87 12 09 22 061 08.1 09.4 99.00 99.00 99.00 999 1012.4  24.4  25.5 999.0 99.0
87 12 09 23 066 09.1 10.3 99.00 99.00 99.00 999 1012.9  24.8  25.3 999.0 99.0
87 12 10 00 056 08.8 10.1 99.00 99.00 99.00 999 1013.2  24.4  25.2 999.0 99.0
87 12 10 01 056 09.6 11.0 99.00 99.00 99.00 999 1013.6  24.8  25.2 999.0 99.0
87 12 10 02 063 10.3 11.4 99.00 99.00 99.00 999 1013.4  24.8  25.2 999.0 99.0
87 12 10 03 058 09.4 10.7 99.00 99.00 99.00 999 1013.3  24.8  25.3 999.0 99.0
87 12 10 04 050 09.0 10.3 99.00 99.00 99.00 999 1013.1  24.6  25.3 999.0 99.0
87 12 10 05 060 09.5 10.4 99.00 99.00 99.00 999 1012.9  24.6  25.5 999.0 99.0
87 12 10 06 049 07.4 08.3 99.00 99.00 99.00 999 1012.7  24.3  25.6 999.0 99.0
87 12 10 07 050 08.0 08.7 99.00 99.00 99.00 999 1012.6  24.5  25.6 999.0 99.0
87 12 10 08 035 07.6 08.5 99.00 99.00 99.00 999 1012.3  24.3  25.6 999.0 99.0
87 12 10 09 360 05.7 06.9 99.00 99.00 99.00 999 1012.1  22.3  25.6 999.0 99.0
87 12 10 10 054 08.5 09.8 99.00 99.00 99.00 999 1011.8  24.4  25.6 999.0 99.0
87 12 10 11 055 09.4 10.3 99.00 99.00 99.00 999 1011.7  24.6  25.6 999.0 99.0
87 12 10 12 065 08.6 09.3 99.00 99.00 99.00 999 1012.2  24.6  25.6 999.0 99.0
87 12 10 13 053 07.7 08.3 99.00 99.00 99.00 999 1013.5  24.9  25.7 999.0 99.0
87 12 10 14 054 06.2 07.0 99.00 99.00 99.00 999 1014.1  24.7  25.7 999.0 99.0
87 12 10 15 006 05.3 06.1 99.00 99.00 99.00 999 1014.0  23.9  25.8 999.0 99.0
87 12 10 16 025 06.3 07.0 99.00 99.00 99.00 999 1013.5  24.1  25.8 999.0 99.0
87 12 10 17 038 07.2 08.5 99.00 99.00 99.00 999 1012.7  24.6  25.9 999.0 99.0
87 12 10 18 043 07.3 08.0 99.00 99.00 99.00 999 1011.7  24.7  26.0 999.0 99.0
87 12 10 19 028 06.5 07.1 99.00 99.00 99.00 999 1011.3  24.5  26.0 999.0 99.0
87 12 10 20 018 06.5 07.4 99.00 99.00 99.00 999 1011.5  24.0  26.2 999.0 99.0
87 12 10 21 041 06.1 06.9 99.00 99.00 99.00 999 1011.7  24.2  26.0 999.0 99.0
87 12 10 22 046 05.8 06.3 99.00 99.00 99.00 999 1011.7  24.5  25.9 999.0 99.0
87 12 10 23 041 05.0 05.6 99.00 99.00 99.00 999 1011.9  24.6  25.8 999.0 99.0
87 12 11 00 052 04.6 05.1 99.00 99.00 99.00 999 1012.0  24.7  25.8 999.0 99.0
87 12 11 01 046 03.2 03.8 99.00 99.00 99.00 999 1012.2  24.7  25.7 999.0 99.0
87 12 11 02 008 02.4 02.6 99.00 99.00 99.00 999 1012.3  23.6  25.9 999.0 99.0
87 12 11 03 317 05.4 05.9 99.00 99.00 99.00 999 1012.7  23.1  25.8 999.0 99.0
87 12 11 04 300 04.6 05.1 99.00 99.00 99.00 999 1012.1  23.1  25.8 999.0 99.0
87 12 11 05 299 04.7 05.1 99.00 99.00 99.00 999 1011.8  22.7  25.8 999.0 99.0
87 12 11 06 301 06.1 06.7 99.00 99.00 99.00 999 1011.9  22.4  25.8 999.0 99.0
87 12 11 07 314 03.8 04.1 99.00 99.00 99.00 999 1011.5  22.1  25.7 999.0 99.0
87 12 11 08 300 02.5 03.1 99.00 99.00 99.00 999 1010.9  21.9  25.7 999.0 99.0
87 12 11 09 295 04.8 05.4 99.00 99.00 99.00 999 1010.9  21.6  25.7 999.0 99.0
87 12 11 10 316 06.7 07.2 99.00 99.00 99.00 999 1011.1  21.7  25.6 999.0 99.0
87 12 11 11 315 04.2 04.9 99.00 99.00 99.00 999 1011.3  21.8  25.6 999.0 99.0
87 12 11 12 326 06.7 07.7 99.00 99.00 99.00 999 1012.2  21.6  25.6 999.0 99.0
87 12 11 13 321 06.0 06.8 99.00 99.00 99.00 999 1012.7  21.6  25.6 999.0 99.0
87 12 11 14 325 05.5 06.0 99.00 99.00 99.00 999 1013.3  21.7  25.6 999.0 99.0
87 12 11 15 312 05.8 06.9 99.00 99.00 99.00 999 1013.4  21.2  25.7 999.0 99.0
87 12 11 16 314 03.9 04.4 99.00 99.00 99.00 999 1012.5  21.5  25.7 999.0 99.0
87 12 11 17 295 04.9 05.6 99.00 99.00 99.00 999 1011.5  22.0  25.8 999.0 99.0
87 12 11 18 294 05.4 05.9 99.00 99.00 99.00 999 1010.8  22.5  25.8 999.0 99.0
87 12 11 19 268 06.1 06.7 99.00 99.00 99.00 999 1010.5  22.9  25.8 999.0 99.0
87 12 11 20 277 05.5 06.3 99.00 99.00 99.00 999 1010.2  23.4  25.8 999.0 99.0
87 12 11 21 270 05.8 06.5 99.00 99.00 99.00 999 1010.4  23.4  25.7 999.0 99.0
87 12 11 22 296 07.1 07.7 99.00 99.00 99.00 999 1010.7  23.5  25.7 999.0 99.0
87 12 11 23 295 07.9 08.4 99.00 99.00 99.00 999 1011.1  22.7  25.8 999.0 99.0
87 12 12 00 298 06.5 07.4 99.00 99.00 99.00 999 1011.4  21.8  25.9 999.0 99.0
87 12 12 01 301 06.6 07.4 99.00 99.00 99.00 999 1011.9  21.2  25.8 999.0 99.0
87 12 12 02 295 06.4 07.1 99.00 99.00 99.00 999 1012.1  20.7  25.8 999.0 99.0
87 12 12 03 299 06.4 07.7 99.00 99.00 99.00 999 1012.5  20.6  25.8 999.0 99.0
87 12 12 04 304 06.1 07.7 99.00 99.00 99.00 999 1012.7  20.2  25.8 999.0 99.0
87 12 12 05 302 05.6 06.6 99.00 99.00 99.00 999 1012.6  20.0  25.8 999.0 99.0
87 12 12 06 308 04.2 04.7 99.00 99.00 99.00 999 1012.2  19.8  25.7 999.0 99.0
87 12 12 07 289 03.8 04.6 99.00 99.00 99.00 999 1011.9  19.6  25.6 999.0 99.0
87 12 12 08 292 03.3 04.0 99.00 99.00 99.00 999 1012.1  19.5  25.5 999.0 99.0
87 12 12 09 295 03.4 04.5 99.00 99.00 99.00 999 1012.3  19.5  25.4 999.0 99.0
87 12 12 10 322 03.5 04.0 99.00 99.00 99.00 999 1012.4  19.4  25.4 999.0 99.0
87 12 12 11 340 03.5 04.4 99.00 99.00 99.00 999 1012.7  19.0  25.3 999.0 99.0
87 12 12 12 327 02.6 03.1 99.00 99.00 99.00 999 1013.4  18.8  25.3 999.0 99.0
87 12 12 13 318 01.7 02.4 99.00 99.00 99.00 999 1014.4  19.0  25.3 999.0 99.0
87 12 12 14 340 03.1 03.8 99.00 99.00 99.00 999 1015.3  19.2  25.3 999.0 99.0
87 12 12 15 329 04.4 04.9 99.00 99.00 99.00 999 1015.4  19.6  25.3 999.0 99.0
87 12 12 16 336 03.4 03.8 99.00 99.00 99.00 999 1014.7  19.9  25.5 999.0 99.0
87 12 12 17 309 02.9 03.4 99.00 99.00 99.00 999 1013.9  19.9  25.6 999.0 99.0
87 12 12 18 320 03.0 03.9 99.00 99.00 99.00 999 1013.1  20.1  25.8 999.0 99.0
87 12 12 19 065 00.6 00.9 99.00 99.00 99.00 999 1012.5  20.7  25.8 999.0 99.0
87 12 12 20 129 01.3 01.7 99.00 99.00 99.00 999 1012.5  21.3  25.9 999.0 99.0
87 12 12 21 146 01.4 02.1 99.00 99.00 99.00 999 1012.6  21.4  25.9 999.0 99.0
87 12 12 22 161 01.7 02.1 99.00 99.00 99.00 999 1013.1  21.7  25.8 999.0 99.0
87 12 12 23 158 01.4 02.3 99.00 99.00 99.00 999 1013.1  21.2  25.7 999.0 99.0
87 12 13 00 184 00.5 00.9 99.00 99.00 99.00 999 1014.0  21.1  25.7 999.0 99.0
87 12 13 01 167 01.2 01.9 99.00 99.00 99.00 999 1014.2  21.3  25.6 999.0 99.0
87 12 13 02 162 02.2 02.5 99.00 99.00 99.00 999 1014.4  21.3  25.5 999.0 99.0
87 12 13 03 149 01.2 01.5 99.00 99.00 99.00 999 1014.6  21.4  25.4 999.0 99.0
87 12 13 04 161 01.6 01.9 99.00 99.00 99.00 999 1014.6  21.4  25.4 999.0 99.0
87 12 13 05 175 02.2 02.7 99.00 99.00 99.00 999 1014.3  21.5  25.3 999.0 99.0
87 12 13 06 144 01.7 02.6 99.00 99.00 99.00 999 1013.8  21.5  25.3 999.0 99.0
87 12 13 07 144 01.0 01.2 99.00 99.00 99.00 999 1014.3  21.6  25.3 999.0 99.0
87 12 13 08 140 01.7 02.0 99.00 99.00 99.00 999 1014.2  21.6  25.3 999.0 99.0
87 12 13 09 141 00.9 01.3 99.00 99.00 99.00 999 1014.8  21.6  25.2 999.0 99.0
87 12 13 10 142 01.0 01.5 99.00 99.00 99.00 999 1015.2  21.8  25.2 999.0 99.0
87 12 13 11 136 01.9 02.3 99.00 99.00 99.00 999 1015.7  21.8  25.2 999.0 99.0
87 12 13 12 099 04.7 05.3 99.00 99.00 99.00 999 1016.2  21.9  25.2 999.0 99.0
87 12 13 13 127 04.9 05.3 99.00 99.00 99.00 999 1017.1  22.5  25.1 999.0 99.0
87 12 13 14 109 05.5 06.2 99.00 99.00 99.00 999 1017.5  22.9  25.0 999.0 99.0
87 12 13 15 113 05.7 06.7 99.00 99.00 99.00 999 1017.7  22.7  25.3 999.0 99.0
87 12 13 16 107 05.9 06.4 99.00 99.00 99.00 999 1017.2  22.5  25.3 999.0 99.0
87 12 13 17 121 05.4 05.9 99.00 99.00 99.00 999 1016.3  22.3  25.3 999.0 99.0
87 12 13 18 117 04.5 05.5 99.00 99.00 99.00 999 1016.0  22.3  25.4 999.0 99.0
87 12 13 19 106 03.9 04.3 99.00 99.00 99.00 999 1015.6  22.4  25.4 999.0 99.0
87 12 13 20 095 04.2 05.1 99.00 99.00 99.00 999 1016.2  22.5  25.4 999.0 99.0
87 12 13 21 107 03.9 04.9 99.00 99.00 99.00 999 1016.5  22.9  25.4 999.0 99.0
87 12 13 22 086 04.2 04.6 99.00 99.00 99.00 999 1017.1  22.9  25.3 999.0 99.0
87 12 13 23 098 03.6 04.1 99.00 99.00 99.00 999 1017.4  22.9  25.6 999.0 99.0
87 12 14 00 093 05.9 06.6 99.00 99.00 99.00 999 1017.5  23.3  25.6 999.0 99.0
87 12 14 01 103 05.2 06.2 99.00 99.00 99.00 999 1018.0  23.4  25.5 999.0 99.0
87 12 14 02 109 06.2 06.9 99.00 99.00 99.00 999 1018.2  23.3  25.5 999.0 99.0
87 12 14 03 106 05.7 07.0 99.00 99.00 99.00 999 1018.4  23.4  25.4 999.0 99.0
87 12 14 04 115 07.1 08.3 99.00 99.00 99.00 999 1018.1  23.5  25.4 999.0 99.0
87 12 14 05 121 07.5 08.1 99.00 99.00 99.00 999 1017.5  23.5  25.3 999.0 99.0
87 12 14 06 123 07.4 08.6 99.00 99.00 99.00 999 1017.1  23.4  25.3 999.0 99.0
87 12 14 07 121 08.1 09.1 99.00 99.00 99.00 999 1016.8  23.5  25.2 999.0 99.0
87 12 14 08 132 07.6 08.1 99.00 99.00 99.00 999 1017.0  23.5  25.2 999.0 99.0
87 12 14 09 121 06.5 07.4 99.00 99.00 99.00 999 1017.1  23.5  25.1 999.0 99.0
87 12 14 10 115 05.8 06.7 99.00 99.00 99.00 999 1017.3  23.5  25.1 999.0 99.0
87 12 14 11 110 07.3 07.9 99.00 99.00 99.00 999 1017.4  23.5  25.0 999.0 99.0
87 12 14 12 115 07.2 07.8 99.00 99.00 99.00 999 1017.7  23.7  25.0 999.0 99.0
87 12 14 13 116 07.6 08.8 99.00 99.00 99.00 999 1018.3  24.0  25.1 999.0 99.0
87 12 14 14 103 07.4 08.5 99.00 99.00 99.00 999 1019.1  24.1  25.1 999.0 99.0
87 12 14 15 109 07.9 08.8 99.00 99.00 99.00 999 1019.3  24.3  25.2 999.0 99.0
87 12 14 16 108 07.0 08.1 99.00 99.00 99.00 999 1018.7  24.5  25.5 999.0 99.0
87 12 14 17 111 07.6 08.6 99.00 99.00 99.00 999 1018.1  24.4  25.6 999.0 99.0
87 12 14 18 120 07.3 08.1 99.00 99.00 99.00 999 1017.3  24.4  25.6 999.0 99.0
87 12 14 19 115 07.9 08.9 99.00 99.00 99.00 999 1016.9  24.5  25.6 999.0 99.0
87 12 14 20 115 08.0 08.9 99.00 99.00 99.00 999 1016.9  24.5  25.6 999.0 99.0
87 12 14 21 115 08.0 09.0 99.00 99.00 99.00 999 1017.5  24.7  25.6 999.0 99.0
87 12 14 22 112 07.9 08.6 99.00 99.00 99.00 999 1017.9  24.8  25.5 999.0 99.0
87 12 14 23 111 07.5 09.0 99.00 99.00 99.00 999 1018.1  24.9  25.4 999.0 99.0
87 12 15 00 106 09.3 10.1 99.00 99.00 99.00 999 1018.3  24.9  25.4 999.0 99.0
87 12 15 01 115 08.9 10.0 99.00 99.00 99.00 999 1018.5  24.9  25.4 999.0 99.0
87 12 15 02 117 09.1 10.2 99.00 99.00 99.00 999 1018.5  24.9  25.4 999.0 99.0
87 12 15 03 115 09.9 11.2 99.00 99.00 99.00 999 1018.5  24.9  25.2 999.0 99.0
87 12 15 04 124 09.5 10.5 99.00 99.00 99.00 999 1018.3  24.6  25.4 999.0 99.0
87 12 15 05 131 09.8 10.6 99.00 99.00 99.00 999 1017.6  24.6  25.2 999.0 99.0
87 12 15 06 140 09.4 10.6 99.00 99.00 99.00 999 1017.5  24.6  25.2 999.0 99.0
87 12 15 07 140 10.4 12.0 99.00 99.00 99.00 999 1017.3  24.6  25.2 999.0 99.0
87 12 15 08 139 09.7 10.6 99.00 99.00 99.00 999 1016.7  24.5  25.2 999.0 99.0
87 12 15 09 137 09.6 10.5 99.00 99.00 99.00 999 1016.5  24.6  25.2 999.0 99.0
87 12 15 10 146 08.1 09.7 99.00 99.00 99.00 999 1016.8  24.9  25.2 999.0 99.0
87 12 15 11 145 08.1 08.8 99.00 99.00 99.00 999 1017.1  24.9  25.2 999.0 99.0
87 12 15 12 142 08.0 08.8 99.00 99.00 99.00 999 1017.5  25.0  25.2 999.0 99.0
87 12 15 13 149 07.7 08.8 99.00 99.00 99.00 999 1017.8  25.1  25.2 999.0 99.0
87 12 15 14 149 07.8 09.0 99.00 99.00 99.00 999 1018.3  25.3  25.3 999.0 99.0
87 12 15 15 147 07.9 09.0 99.00 99.00 99.00 999 1018.3  25.5  25.4 999.0 99.0
87 12 15 16 156 08.3 09.0 99.00 99.00 99.00 999 1017.9  25.3  25.4 999.0 99.0
87 12 15 17 168 07.4 08.4 99.00 99.00 99.00 999 1017.0  25.5  25.4 999.0 99.0
87 12 15 18 170 08.0 08.6 99.00 99.00 99.00 999 1016.0  25.5  25.5 999.0 99.0
87 12 15 19 175 07.6 08.6 99.00 99.00 99.00 999 1015.2  25.6  25.5 999.0 99.0
87 12 15 20 183 06.5 07.2 99.00 99.00 99.00 999 1015.3  25.8  25.5 999.0 99.0
87 12 15 21 187 06.8 07.5 99.00 99.00 99.00 999 1015.6  25.7  25.4 999.0 99.0
87 12 15 22 177 06.8 07.6 99.00 99.00 99.00 999 1015.6  25.7  25.3 999.0 99.0
87 12 15 23 177 06.5 07.0 99.00 99.00 99.00 999 1015.9  25.7  25.3 999.0 99.0
87 12 16 00 168 04.9 05.3 99.00 99.00 99.00 999 1016.3  25.7  25.3 999.0 99.0
87 12 16 01 178 05.7 06.2 99.00 99.00 99.00 999 1016.3  25.6  25.3 999.0 99.0
87 12 16 02 180 05.7 06.2 99.00 99.00 99.00 999 1016.4  25.6  25.3 999.0 99.0
87 12 16 03 187 06.4 07.1 99.00 99.00 99.00 999 1016.4  25.6  25.3 999.0 99.0
87 12 16 04 191 06.5 07.3 99.00 99.00 99.00 999 1016.3  25.6  25.2 999.0 99.0
87 12 16 05 197 06.3 06.7 99.00 99.00 99.00 999 1016.2  25.5  25.1 999.0 99.0
87 12 16 06 202 06.8 07.5 99.00 99.00 99.00 999 1016.1  25.6  25.2 999.0 99.0
87 12 16 07 206 06.1 06.9 99.00 99.00 99.00 999 1016.0  25.6  25.1 999.0 99.0
87 12 16 08 203 06.3 06.8 99.00 99.00 99.00 999 1015.5  25.6  25.2 999.0 99.0
87 12 16 09 220 06.1 06.5 99.00 99.00 99.00 999 1015.2  25.7  25.2 999.0 99.0
87 12 16 10 227 06.7 07.5 99.00 99.00 99.00 999 1015.1  25.6  25.2 999.0 99.0
87 12 16 11 229 06.3 06.7 99.00 99.00 99.00 999 1015.1  25.4  25.1 999.0 99.0
87 12 16 12 236 07.0 07.7 99.00 99.00 99.00 999 1015.8  25.3  25.1 999.0 99.0
87 12 16 13 244 06.8 07.5 99.00 99.00 99.00 999 1016.6  25.4  25.2 999.0 99.0
87 12 16 14 261 04.6 05.1 99.00 99.00 99.00 999 1017.0  25.3  25.2 999.0 99.0
87 12 16 15 261 05.3 06.5 99.00 99.00 99.00 999 1017.6  25.2  25.2 999.0 99.0
87 12 16 16 341 07.0 07.5 99.00 99.00 99.00 999 1017.6  24.0  25.3 999.0 99.0
87 12 16 17 345 11.3 12.5 99.00 99.00 99.00 999 1017.5  20.6  25.2 999.0 99.0
87 12 16 18 357 10.9 12.1 99.00 99.00 99.00 999 1017.0  19.9  25.0 999.0 99.0
87 12 16 19 356 08.3 09.0 99.00 99.00 99.00 999 1016.6  20.5  25.0 999.0 99.0
87 12 16 20 353 08.6 09.3 99.00 99.00 99.00 999 1016.8  20.5  24.9 999.0 99.0
87 12 16 21 360 07.6 09.4 99.00 99.00 99.00 999 1017.1  20.4  24.8 999.0 99.0
87 12 16 22 349 08.3 09.1 99.00 99.00 99.00 999 1018.3  20.4  24.8 999.0 99.0
87 12 16 23 350 06.8 08.3 99.00 99.00 99.00 999 1018.7  19.8  24.7 999.0 99.0
87 12 17 00 352 08.1 09.3 99.00 99.00 99.00 999 1019.5  19.2  24.7 999.0 99.0
87 12 17 01 360 08.3 09.1 99.00 99.00 99.00 999 1019.6  18.8  24.7 999.0 99.0
87 12 17 02 355 06.0 07.4 99.00 99.00 99.00 999 1019.9  18.7  24.7 999.0 99.0
87 12 17 03 356 07.9 08.8 99.00 99.00 99.00 999 1019.8  18.3  24.6 999.0 99.0
87 12 17 04 340 07.0 08.1 99.00 99.00 99.00 999 1020.3  17.6  24.5 999.0 99.0
87 12 17 05 349 07.6 09.1 99.00 99.00 99.00 999 1019.9  16.6  24.4 999.0 99.0
87 12 17 06 347 07.8 08.7 99.00 99.00 99.00 999 1020.1  15.7  24.4 999.0 99.0
87 12 17 07 355 09.0 10.2 99.00 99.00 99.00 999 1020.3  14.5  24.4 999.0 99.0
87 12 17 08 354 08.7 10.1 99.00 99.00 99.00 999 1020.5  13.6  24.3 999.0 99.0
87 12 17 09 353 10.3 11.9 99.00 99.00 99.00 999 1020.0  13.0  24.2 999.0 99.0
87 12 17 10 349 11.2 12.4 99.00 99.00 99.00 999 1019.8  12.5  24.1 999.0 99.0
87 12 17 11 005 09.7 11.5 99.00 99.00 99.00 999 1019.9  12.3  24.0 999.0 99.0
87 12 17 12 358 10.7 12.4 99.00 99.00 99.00 999 1020.8  12.1  23.9 999.0 99.0
87 12 17 13 011 08.6 09.3 99.00 99.00 99.00 999 1021.6  12.1  23.7 999.0 99.0
87 12 17 14 005 08.2 09.1 99.00 99.00 99.00 999 1022.5  12.6  23.6 999.0 99.0
87 12 17 15 017 06.7 07.8 99.00 99.00 99.00 999 1023.0  13.7  23.7 999.0 99.0
87 12 17 16 015 06.6 07.7 99.00 99.00 99.00 999 1022.8  14.8  23.9 999.0 99.0
87 12 17 17 018 05.4 06.1 99.00 99.00 99.00 999 1021.8  15.9  24.4 999.0 99.0
87 12 17 18 020 06.4 07.2 99.00 99.00 99.00 999 1020.9  17.4  24.6 999.0 99.0
87 12 17 19 031 06.2 07.0 99.00 99.00 99.00 999 1020.3  18.0  24.7 999.0 99.0
87 12 17 20 038 06.3 07.4 99.00 99.00 99.00 999 1020.0  18.4  24.8 999.0 99.0
87 12 17 21 042 06.1 07.2 99.00 99.00 99.00 999 1020.1  19.5  24.8 999.0 99.0
87 12 17 22 033 06.0 07.0 99.00 99.00 99.00 999 1020.7  18.9  24.8 999.0 99.0
87 12 17 23 025 05.3 06.8 99.00 99.00 99.00 999 1021.2  18.9  25.0 999.0 99.0
87 12 18 00 349 07.2 08.0 99.00 99.00 99.00 999 1021.8  17.8  25.0 999.0 99.0
87 12 18 01 352 07.8 08.7 99.00 99.00 99.00 999 1022.0  17.0  24.9 999.0 99.0
87 12 18 02 003 08.8 09.4 99.00 99.00 99.00 999 1022.2  16.4  24.9 999.0 99.0
87 12 18 03 003 08.4 09.1 99.00 99.00 99.00 999 1022.2  15.9  24.9 999.0 99.0
87 12 18 04 004 08.6 09.4 99.00 99.00 99.00 999 1021.9  15.9  24.7 999.0 99.0
87 12 18 05 360 08.7 09.6 99.00 99.00 99.00 999 1021.2  15.9  24.7 999.0 99.0
87 12 18 06 360 09.6 10.8 99.00 99.00 99.00 999 1021.2  15.7  24.5 999.0 99.0
87 12 18 07 358 08.8 10.5 99.00 99.00 99.00 999 1021.6  15.4  24.2 999.0 99.0
87 12 18 08 003 08.4 09.1 99.00 99.00 99.00 999 1021.0  15.4  24.7 999.0 99.0
87 12 18 09 005 08.0 08.9 99.00 99.00 99.00 999 1020.6  14.9  24.6 999.0 99.0
87 12 18 10 360 08.5 09.5 99.00 99.00 99.00 999 1021.0  14.8  24.5 999.0 99.0
87 12 18 11 007 07.9 09.0 99.00 99.00 99.00 999 1021.6  14.8  24.3 999.0 99.0
87 12 18 12 011 08.3 09.2 99.00 99.00 99.00 999 1022.0  14.9  23.7 999.0 99.0
87 12 18 13 016 07.5 08.2 99.00 99.00 99.00 999 1022.4  15.0  23.6 999.0 99.0
87 12 18 14 006 07.3 07.9 99.00 99.00 99.00 999 1023.6  15.7  23.9 999.0 99.0
87 12 18 15 013 07.0 07.6 99.00 99.00 99.00 999 1023.8  17.0  24.0 999.0 99.0
87 12 18 16 028 06.7 07.2 99.00 99.00 99.00 999 1023.4  18.4  23.9 999.0 99.0
87 12 18 17 025 06.3 07.3 99.00 99.00 99.00 999 1022.6  19.2  23.6 999.0 99.0
87 12 18 18 071 06.1 07.1 99.00 99.00 99.00 999 1021.8  20.8  23.6 999.0 99.0
87 12 18 19 084 06.4 07.1 99.00 99.00 99.00 999 1021.4  21.1  24.2 999.0 99.0
87 12 18 20 077 05.9 07.3 99.00 99.00 99.00 999 1021.4  21.1  25.0 999.0 99.0
87 12 18 21 072 07.7 09.5 99.00 99.00 99.00 999 1021.7  21.3  25.0 999.0 99.0
87 12 18 22 063 06.9 07.9 99.00 99.00 99.00 999 1022.0  21.4  24.9 999.0 99.0
87 12 18 23 075 05.9 07.1 99.00 99.00 99.00 999 1022.2  21.4  25.0 999.0 99.0
87 12 19 00 085 08.3 09.3 99.00 99.00 99.00 999 1022.2  21.5  24.9 999.0 99.0
87 12 19 01 086 08.1 09.3 99.00 99.00 99.00 999 1022.6  21.5  24.9 999.0 99.0
87 12 19 02 086 08.3 09.4 99.00 99.00 99.00 999 1022.8  21.6  24.9 999.0 99.0
87 12 19 03 089 08.6 09.9 99.00 99.00 99.00 999 1023.2  21.6  24.8 999.0 99.0
87 12 19 04 095 07.0 08.3 99.00 99.00 99.00 999 1023.2  21.6  24.9 999.0 99.0
87 12 19 05 092 07.5 08.0 99.00 99.00 99.00 999 1022.6  21.6  24.5 999.0 99.0
87 12 19 06 102 09.1 10.9 99.00 99.00 99.00 999 1022.1  21.7  24.6 999.0 99.0
87 12 19 07 090 09.1 10.9 99.00 99.00 99.00 999 1022.0  21.7  24.6 999.0 99.0
87 12 19 08 092 09.9 11.2 99.00 99.00 99.00 999 1021.4  21.7  24.6 999.0 99.0
87 12 19 09 101 09.5 11.0 99.00 99.00 99.00 999 1021.2  21.5  24.6 999.0 99.0
87 12 19 10 110 08.9 11.0 99.00 99.00 99.00 999 1021.4  21.6  24.5 999.0 99.0
87 12 19 11 093 07.6 08.9 99.00 99.00 99.00 999 1022.0  21.7  24.3 999.0 99.0
87 12 19 12 096 08.4 09.3 99.00 99.00 99.00 999 1022.2  21.8  24.0 999.0 99.0
87 12 19 13 096 08.4 10.6 99.00 99.00 99.00 999 1022.7  22.1  24.0 999.0 99.0
87 12 19 14 098 08.6 10.2 99.00 99.00 99.00 999 1023.2  22.1  24.1 999.0 99.0
87 12 19 15 105 08.9 10.9 99.00 99.00 99.00 999 1023.8  22.4  24.2 999.0 99.0
87 12 19 16 102 07.8 09.3 99.00 99.00 99.00 999 1023.7  22.5  24.4 999.0 99.0
87 12 19 17 102 09.9 11.0 99.00 99.00 99.00 999 1022.8  22.5  24.6 999.0 99.0
87 12 19 18 102 09.8 10.7 99.00 99.00 99.00 999 1021.8  22.5  24.6 999.0 99.0
87 12 19 19 100 10.3 11.3 99.00 99.00 99.00 999 1021.4  22.5  24.6 999.0 99.0
87 12 19 20 105 09.4 10.5 99.00 99.00 99.00 999 1021.5  22.6  24.5 999.0 99.0
87 12 19 21 104 09.6 10.6 99.00 99.00 99.00 999 1021.4  22.7  24.6 999.0 99.0
87 12 19 22 111 09.7 11.7 99.00 99.00 99.00 999 1021.1  22.7  24.6 999.0 99.0
87 12 19 23 106 09.4 11.0 99.00 99.00 99.00 999 1021.0  22.9  24.6 999.0 99.0
87 12 20 00 104 10.8 12.0 99.00 99.00 99.00 999 1021.1  22.9  24.6 999.0 99.0
87 12 20 01 111 10.9 12.0 99.00 99.00 99.00 999 1021.2  22.9  24.6 999.0 99.0
87 12 20 02 115 11.1 12.5 99.00 99.00 99.00 999 1021.7  23.1  24.6 999.0 99.0
87 12 20 03 119 10.9 12.1 99.00 99.00 99.00 999 1021.7  23.1  24.6 999.0 99.0
87 12 20 04 123 09.8 11.3 99.00 99.00 99.00 999 1021.7  23.2  24.6 999.0 99.0
87 12 20 05 124 11.4 12.5 99.00 99.00 99.00 999 1021.2  23.2  24.5 999.0 99.0
87 12 20 06 121 11.1 12.6 99.00 99.00 99.00 999 1020.7  23.2  24.5 999.0 99.0
87 12 20 07 122 10.1 11.4 99.00 99.00 99.00 999 1020.8  23.3  24.5 999.0 99.0
87 12 20 08 126 11.1 12.3 99.00 99.00 99.00 999 1020.3  23.3  24.5 999.0 99.0
87 12 20 09 131 10.5 12.0 99.00 99.00 99.00 999 1020.4  23.4  24.5 999.0 99.0
87 12 20 10 125 09.3 10.3 99.00 99.00 99.00 999 1021.0  23.5  24.5 999.0 99.0
87 12 20 11 131 09.9 12.0 99.00 99.00 99.00 999 1021.4  23.6  24.5 999.0 99.0
87 12 20 12 128 09.7 10.5 99.00 99.00 99.00 999 1021.8  23.6  24.5 999.0 99.0
87 12 20 13 119 07.9 08.9 99.00 99.00 99.00 999 1022.0  23.6  24.5 999.0 99.0
87 12 20 14 132 08.8 09.7 99.00 99.00 99.00 999 1022.5  23.7  24.5 999.0 99.0
87 12 20 15 135 08.3 09.3 99.00 99.00 99.00 999 1023.2  24.1  24.6 999.0 99.0
87 12 20 16 129 07.3 07.9 99.00 99.00 99.00 999 1023.0  24.2  24.6 999.0 99.0
87 12 20 17 130 06.8 07.5 99.00 99.00 99.00 999 1022.4  24.2  24.7 999.0 99.0
87 12 20 18 126 05.9 06.5 99.00 99.00 99.00 999 1021.7  24.3  24.7 999.0 99.0
87 12 20 19 117 06.1 06.8 99.00 99.00 99.00 999 1021.3  24.2  24.7 999.0 99.0
87 12 20 20 117 06.4 07.0 99.00 99.00 99.00 999 1021.3  24.3  24.7 999.0 99.0
87 12 20 21 110 06.5 07.3 99.00 99.00 99.00 999 1021.0  24.3  24.6 999.0 99.0
87 12 20 23 099 07.0 08.6 99.00 99.00 99.00 999 1021.1  24.3  24.6 999.0 99.0
87 12 21 00 096 06.1 06.8 99.00 99.00 99.00 999 1021.3  24.2  24.6 999.0 99.0
87 12 21 01 102 07.4 08.4 99.00 99.00 99.00 999 1021.1  24.3  24.5 999.0 99.0
87 12 21 02 115 06.9 08.0 99.00 99.00 99.00 999 1021.2  24.4  24.5 999.0 99.0
87 12 21 03 118 08.8 09.9 99.00 99.00 99.00 999 1021.4  24.5  24.5 999.0 99.0
87 12 21 04 118 08.8 10.1 99.00 99.00 99.00 999 1021.4  24.4  24.5 999.0 99.0
87 12 21 05 118 08.6 09.6 99.00 99.00 99.00 999 1021.0  24.4  24.4 999.0 99.0
87 12 21 06 124 09.4 10.5 99.00 99.00 99.00 999 1020.6  24.3  24.5 999.0 99.0
87 12 21 07 127 07.5 08.4 99.00 99.00 99.00 999 1020.5  24.2  24.5 999.0 99.0
87 12 21 08 136 07.7 08.5 99.00 99.00 99.00 999 1020.6  24.2  24.5 999.0 99.0
87 12 21 09 122 07.4 08.3 99.00 99.00 99.00 999 1020.1  24.2  24.5 999.0 99.0
87 12 21 10 125 07.9 08.7 99.00 99.00 99.00 999 1019.5  24.2  24.5 999.0 99.0
87 12 21 11 122 07.4 08.1 99.00 99.00 99.00 999 1019.8  24.2  24.5 999.0 99.0
87 12 21 12 130 07.6 08.9 99.00 99.00 99.00 999 1019.9  24.2  24.5 999.0 99.0
87 12 21 13 125 07.6 08.3 99.00 99.00 99.00 999 1020.6  24.3  24.6 999.0 99.0
87 12 21 14 125 07.1 07.8 99.00 99.00 99.00 999 1021.0  24.3  24.6 999.0 99.0
87 12 21 15 123 07.3 08.2 99.00 99.00 99.00 999 1021.4  24.4  24.7 999.0 99.0
87 12 21 16 121 06.5 07.3 99.00 99.00 99.00 999 1020.9  24.5  24.8 999.0 99.0
87 12 21 17 141 07.3 08.0 99.00 99.00 99.00 999 1019.8  24.5  24.9 999.0 99.0
87 12 21 18 138 06.1 06.7 99.00 99.00 99.00 999 1019.0  24.4  25.0 999.0 99.0
87 12 21 19 133 05.2 05.9 99.00 99.00 99.00 999 1018.7  24.4  25.0 999.0 99.0
87 12 21 20 125 05.0 05.6 99.00 99.00 99.00 999 1018.2  24.5  25.0 999.0 99.0
87 12 21 21 122 05.6 06.0 99.00 99.00 99.00 999 1017.9  24.6  25.0 999.0 99.0
87 12 21 22 116 06.5 07.4 99.00 99.00 99.00 999 1017.7  24.5  25.0 999.0 99.0
87 12 21 23 121 06.2 07.2 99.00 99.00 99.00 999 1017.9  24.4  25.0 999.0 99.0
87 12 22 00 125 06.2 06.8 99.00 99.00 99.00 999 1018.3  24.4  25.0 999.0 99.0
87 12 22 01 123 05.7 06.0 99.00 99.00 99.00 999 1018.5  24.4  24.9 999.0 99.0
87 12 22 02 124 05.2 05.8 99.00 99.00 99.00 999 1018.9  24.6  24.9 999.0 99.0
87 12 22 03 118 05.1 05.5 99.00 99.00 99.00 999 1019.5  24.5  24.8 999.0 99.0
87 12 22 04 133 04.7 05.2 99.00 99.00 99.00 999 1019.8  24.5  24.8 999.0 99.0
87 12 22 05 134 05.1 05.4 99.00 99.00 99.00 999 1019.7  24.4  24.7 999.0 99.0
87 12 22 06 131 04.6 05.0 99.00 99.00 99.00 999 1019.4  24.3  24.8 999.0 99.0
87 12 22 07 131 04.9 05.6 99.00 99.00 99.00 999 1019.1  24.4  24.7 999.0 99.0
87 12 22 08 131 04.8 05.1 99.00 99.00 99.00 999 1018.9  24.3  24.7 999.0 99.0
87 12 22 09 142 05.8 06.2 99.00 99.00 99.00 999 1018.4  24.3  24.7 999.0 99.0
87 12 22 10 153 05.4 05.9 99.00 99.00 99.00 999 1018.2  24.3  24.7 999.0 99.0
87 12 22 11 141 05.7 06.4 99.00 99.00 99.00 999 1018.2  24.3  24.7 999.0 99.0
87 12 22 12 136 05.3 05.7 99.00 99.00 99.00 999 1018.5  24.4  24.7 999.0 99.0
87 12 22 13 138 04.2 04.7 99.00 99.00 99.00 999 1019.1  24.7  24.7 999.0 99.0
87 12 22 14 143 04.5 04.9 99.00 99.00 99.00 999 1019.6  24.9  24.7 999.0 99.0
87 12 22 15 158 03.8 04.2 99.00 99.00 99.00 999 1020.1  25.0  24.8 999.0 99.0
87 12 22 16 145 03.6 04.1 99.00 99.00 99.00 999 1019.8  25.1  24.9 999.0 99.0
87 12 22 17 165 04.9 05.5 99.00 99.00 99.00 999 1018.9  25.0  25.0 999.0 99.0
87 12 22 18 185 04.5 04.9 99.00 99.00 99.00 999 1017.9  25.0  25.1 999.0 99.0
87 12 22 19 184 04.4 04.8 99.00 99.00 99.00 999 1017.2  25.2  25.0 999.0 99.0
87 12 22 20 185 05.6 06.2 99.00 99.00 99.00 999 1017.0  25.2  25.0 999.0 99.0
87 12 22 21 217 03.8 04.3 99.00 99.00 99.00 999 1017.5  25.2  24.9 999.0 99.0
87 12 22 22 237 02.4 02.6 99.00 99.00 99.00 999 1017.6  25.1  24.9 999.0 99.0
87 12 22 23 216 02.8 02.9 99.00 99.00 99.00 999 1018.0  24.7  24.9 999.0 99.0
87 12 23 00 269 02.1 02.3 99.00 99.00 99.00 999 1018.7  24.6  24.8 999.0 99.0
87 12 23 01 329 00.6 00.7 99.00 99.00 99.00 999 1019.0  24.5  24.8 999.0 99.0
87 12 23 02 264 01.1 01.1 99.00 99.00 99.00 999 1019.1  24.4  24.8 999.0 99.0
87 12 23 03 270 01.3 01.4 99.00 99.00 99.00 999 1019.3  24.0  24.8 999.0 99.0
87 12 23 04 055 01.0 01.1 99.00 99.00 99.00 999 1019.3  23.6  24.6 999.0 99.0
87 12 23 05 067 00.7 00.8 99.00 99.00 99.00 999 1019.5  23.6  24.4 999.0 99.0
87 12 23 06 015 02.7 02.9 99.00 99.00 99.00 999 1019.4  23.5  24.6 999.0 99.0
87 12 23 07 020 04.0 04.2 99.00 99.00 99.00 999 1019.5  22.9  24.7 999.0 99.0
87 12 23 08 021 03.8 04.2 99.00 99.00 99.00 999 1019.3  22.7  24.7 999.0 99.0
87 12 23 09 011 03.7 04.0 99.00 99.00 99.00 999 1019.3  22.5  24.7 999.0 99.0
87 12 23 10 028 03.3 03.6 99.00 99.00 99.00 999 1019.5  22.6  24.6 999.0 99.0
87 12 23 11 027 03.7 04.1 99.00 99.00 99.00 999 1019.8  22.5  24.8 999.0 99.0
87 12 23 12 038 03.5 03.8 99.00 99.00 99.00 999 1020.5  22.5  25.0 999.0 99.0
87 12 23 13 031 03.9 04.3 99.00 99.00 99.00 999 1021.0  22.7  25.0 999.0 99.0
87 12 23 14 029 05.3 05.8 99.00 99.00 99.00 999 1021.6  22.9  25.0 999.0 99.0
87 12 23 15 034 04.7 05.1 99.00 99.00 99.00 999 1022.2  23.4  25.0 999.0 99.0
87 12 23 16 032 03.8 04.0 99.00 99.00 99.00 999 1022.2  23.5  25.1 999.0 99.0
87 12 23 17 032 04.5 04.9 99.00 99.00 99.00 999 1021.7  23.9  25.2 999.0 99.0
87 12 23 18 033 05.0 05.3 99.00 99.00 99.00 999 1020.6  23.9  25.0 999.0 99.0
87 12 23 19 040 05.1 05.6 99.00 99.00 99.00 999 1020.1  24.1  25.0 999.0 99.0
87 12 23 20 042 04.6 05.1 99.00 99.00 99.00 999 1020.1  24.3  25.1 999.0 99.0
87 12 23 21 040 04.0 04.5 99.00 99.00 99.00 999 1020.2  24.4  25.2 999.0 99.0
87 12 23 22 044 04.0 04.5 99.00 99.00 99.00 999 1020.4  24.4  25.2 999.0 99.0
87 12 23 23 094 03.8 04.0 99.00 99.00 99.00 999 1020.7  24.4  25.1 999.0 99.0
87 12 24 00 084 04.3 04.6 99.00 99.00 99.00 999 1021.2  25.2  25.3 999.0 99.0
87 12 24 01 093 05.8 06.5 99.00 99.00 99.00 999 1021.4  25.2  25.2 999.0 99.0
87 12 24 02 101 07.0 07.8 99.00 99.00 99.00 999 1021.6  25.2  25.1 999.0 99.0
87 12 24 03 102 08.3 09.0 99.00 99.00 99.00 999 1021.7  24.9  25.1 999.0 99.0
87 12 24 04 104 09.2 10.9 99.00 99.00 99.00 999 1021.6  24.6  25.0 999.0 99.0
87 12 24 05 110 09.7 11.0 99.00 99.00 99.00 999 1021.1  24.4  24.8 999.0 99.0
87 12 24 06 112 07.4 08.2 99.00 99.00 99.00 999 1021.3  24.1  24.7 999.0 99.0
87 12 24 07 111 08.3 09.0 99.00 99.00 99.00 999 1021.2  24.0  24.7 999.0 99.0
87 12 24 08 111 08.9 10.1 99.00 99.00 99.00 999 1021.0  24.0  24.7 999.0 99.0
87 12 24 09 109 08.7 09.7 99.00 99.00 99.00 999 1020.8  23.9  24.6 999.0 99.0
87 12 24 10 103 07.7 08.7 99.00 99.00 99.00 999 1021.1  23.9  24.5 999.0 99.0
87 12 24 11 114 08.3 09.3 99.00 99.00 99.00 999 1021.0  23.8  24.5 999.0 99.0
87 12 24 12 123 08.7 10.5 99.00 99.00 99.00 999 1021.1  23.9  24.6 999.0 99.0
87 12 24 13 121 07.2 08.5 99.00 99.00 99.00 999 1021.7  24.1  24.7 999.0 99.0
87 12 24 14 106 07.4 08.5 99.00 99.00 99.00 999 1022.2  24.3  24.8 999.0 99.0
87 12 24 15 101 07.9 08.6 99.00 99.00 99.00 999 1022.9  24.5  25.0 999.0 99.0
87 12 24 16 092 08.6 09.4 99.00 99.00 99.00 999 1023.1  24.5  25.1 999.0 99.0
87 12 24 17 104 08.4 09.4 99.00 99.00 99.00 999 1022.2  24.6  25.2 999.0 99.0
87 12 24 18 110 09.9 11.7 99.00 99.00 99.00 999 1021.0  24.6  25.0 999.0 99.0
87 12 24 19 109 09.3 10.6 99.00 99.00 99.00 999 1020.7  24.9  25.1 999.0 99.0
87 12 24 20 097 08.3 09.9 99.00 99.00 99.00 999 1021.0  24.9  25.1 999.0 99.0
87 12 24 21 093 08.6 09.9 99.00 99.00 99.00 999 1021.3  24.6  25.1 999.0 99.0
87 12 24 22 094 08.5 09.6 99.00 99.00 99.00 999 1021.6  24.7  25.1 999.0 99.0
87 12 24 23 096 09.4 10.5 99.00 99.00 99.00 999 1021.9  24.7  25.0 999.0 99.0
87 12 25 00 096 09.2 10.3 99.00 99.00 99.00 999 1022.2  24.7  25.0 999.0 99.0
87 12 25 01 097 08.8 09.9 99.00 99.00 99.00 999 1022.4  24.8  25.0 999.0 99.0
87 12 25 02 104 09.6 10.5 99.00 99.00 99.00 999 1022.5  24.8  24.9 999.0 99.0
87 12 25 03 109 09.1 10.3 99.00 99.00 99.00 999 1022.8  24.7  24.9 999.0 99.0
87 12 25 04 107 09.4 10.3 99.00 99.00 99.00 999 1022.6  24.7  24.8 999.0 99.0
87 12 25 05 110 09.1 10.4 99.00 99.00 99.00 999 1022.5  24.7  24.8 999.0 99.0
87 12 25 06 112 09.3 10.6 99.00 99.00 99.00 999 1022.2  24.6  24.7 999.0 99.0
87 12 25 07 108 09.8 10.9 99.00 99.00 99.00 999 1021.8  24.5  24.7 999.0 99.0
87 12 25 08 109 09.6 10.8 99.00 99.00 99.00 999 1021.6  24.4  24.7 999.0 99.0
87 12 25 09 113 08.7 10.2 99.00 99.00 99.00 999 1021.4  24.5  24.7 999.0 99.0
87 12 25 10 115 09.9 11.0 99.00 99.00 99.00 999 1021.2  24.5  24.7 999.0 99.0
87 12 25 11 119 11.0 12.1 99.00 99.00 99.00 999 1021.2  24.3  24.7 999.0 99.0
87 12 25 12 120 10.8 12.5 99.00 99.00 99.00 999 1021.4  24.3  24.6 999.0 99.0
87 12 25 13 125 09.9 11.2 99.00 99.00 99.00 999 1021.7  24.4  24.7 999.0 99.0
87 12 25 14 124 08.6 09.8 99.00 99.00 99.00 999 1022.0  24.4  24.7 999.0 99.0
87 12 25 15 117 08.0 09.1 99.00 99.00 99.00 999 1022.4  24.5  24.7 999.0 99.0
87 12 25 16 117 09.1 10.1 99.00 99.00 99.00 999 1022.4  24.6  24.8 999.0 99.0
87 12 25 17 107 08.7 10.1 99.00 99.00 99.00 999 1021.7  24.3  24.9 999.0 99.0
87 12 25 18 107 06.9 08.0 99.00 99.00 99.00 999 1021.3  24.2  24.9 999.0 99.0
87 12 25 19 110 06.7 07.2 99.00 99.00 99.00 999 1020.9  24.1  24.9 999.0 99.0
87 12 25 20 097 06.2 06.9 99.00 99.00 99.00 999 1020.5  24.2  25.0 999.0 99.0
87 12 25 21 103 06.3 07.2 99.00 99.00 99.00 999 1020.6  24.3  24.9 999.0 99.0
87 12 25 22 097 07.2 07.8 99.00 99.00 99.00 999 1020.9  24.4  24.8 999.0 99.0
87 12 25 23 095 06.6 07.5 99.00 99.00 99.00 999 1021.3  24.3  24.8 999.0 99.0
87 12 26 00 110 07.5 08.5 99.00 99.00 99.00 999 1021.4  24.3  24.8 999.0 99.0
87 12 26 01 099 07.3 07.9 99.00 99.00 99.00 999 1021.8  24.4  24.8 999.0 99.0
87 12 26 02 103 06.9 07.8 99.00 99.00 99.00 999 1021.9  24.4  24.8 999.0 99.0
87 12 26 03 098 06.5 07.3 99.00 99.00 99.00 999 1022.0  24.4  24.8 999.0 99.0
87 12 26 04 107 07.2 08.0 99.00 99.00 99.00 999 1021.8  24.5  24.7 999.0 99.0
87 12 26 05 111 09.3 10.1 99.00 99.00 99.00 999 1021.2  24.2  24.7 999.0 99.0
87 12 26 06 117 08.1 09.0 99.00 99.00 99.00 999 1021.0  24.1  24.7 999.0 99.0
87 12 26 07 120 07.9 08.6 99.00 99.00 99.00 999 1020.5  24.1  24.6 999.0 99.0
87 12 26 08 118 06.5 07.7 99.00 99.00 99.00 999 1020.2  24.0  24.6 999.0 99.0
87 12 26 09 131 07.2 08.0 99.00 99.00 99.00 999 1020.2  23.9  24.6 999.0 99.0
87 12 26 10 132 06.8 07.6 99.00 99.00 99.00 999 1020.3  23.9  24.5 999.0 99.0
87 12 26 11 119 06.9 07.5 99.00 99.00 99.00 999 1020.7  24.1  24.5 999.0 99.0
87 12 26 12 124 06.9 08.0 99.00 99.00 99.00 999 1021.0  24.2  24.4 999.0 99.0
87 12 26 13 133 06.2 07.5 99.00 99.00 99.00 999 1021.4  24.4  24.5 999.0 99.0
87 12 26 14 131 05.9 06.7 99.00 99.00 99.00 999 1022.0  24.8  24.5 999.0 99.0
87 12 26 15 128 06.5 07.2 99.00 99.00 99.00 999 1022.2  24.8  24.7 999.0 99.0
87 12 26 16 127 06.2 06.8 99.00 99.00 99.00 999 1022.4  24.9  24.7 999.0 99.0
87 12 26 17 126 06.2 07.0 99.00 99.00 99.00 999 1021.6  24.8  24.8 999.0 99.0
87 12 26 18 119 06.4 07.5 99.00 99.00 99.00 999 1020.9  24.8  24.8 999.0 99.0
87 12 26 19 113 06.1 06.6 99.00 99.00 99.00 999 1019.9  24.7  25.0 999.0 99.0
87 12 26 20 115 06.8 07.3 99.00 99.00 99.00 999 1019.5  24.7  25.1 999.0 99.0
87 12 26 21 114 06.7 07.3 99.00 99.00 99.00 999 1019.5  24.8  25.1 999.0 99.0
87 12 26 22 110 04.7 05.4 99.00 99.00 99.00 999 1020.1  24.8  25.0 999.0 99.0
87 12 26 23 117 05.9 06.3 99.00 99.00 99.00 999 1020.4  24.7  24.7 999.0 99.0
87 12 27 00 114 05.1 06.0 99.00 99.00 99.00 999 1020.8  24.8  24.8 999.0 99.0
87 12 27 01 102 04.7 05.5 99.00 99.00 99.00 999 1021.1  24.8  25.0 999.0 99.0
87 12 27 02 102 06.0 06.6 99.00 99.00 99.00 999 1021.2  24.7  25.1 999.0 99.0
87 12 27 03 116 06.9 07.7 99.00 99.00 99.00 999 1021.0  24.7  25.2 999.0 99.0
87 12 27 04 108 07.3 07.9 99.00 99.00 99.00 999 1020.8  24.7  25.2 999.0 99.0
87 12 27 05 120 08.5 09.3 99.00 99.00 99.00 999 1020.5  24.6  25.1 999.0 99.0
87 12 27 06 126 09.2 10.1 99.00 99.00 99.00 999 1020.2  24.4  25.0 999.0 99.0
87 12 27 07 130 08.6 09.6 99.00 99.00 99.00 999 1020.3  24.3  25.0 999.0 99.0
87 12 27 08 132 07.0 08.3 99.00 99.00 99.00 999 1020.4  24.2  24.9 999.0 99.0
87 12 27 09 130 07.5 08.3 99.00 99.00 99.00 999 1020.4  24.1  25.0 999.0 99.0
87 12 27 10 132 07.4 08.1 99.00 99.00 99.00 999 1020.7  24.1  25.0 999.0 99.0
87 12 27 11 128 07.0 07.7 99.00 99.00 99.00 999 1021.0  24.2  25.1 999.0 99.0
87 12 27 12 112 06.6 07.3 99.00 99.00 99.00 999 1021.3  24.2  25.1 999.0 99.0
87 12 27 13 115 05.9 06.9 99.00 99.00 99.00 999 1021.6  24.1  25.1 999.0 99.0
87 12 27 14 135 06.4 07.2 99.00 99.00 99.00 999 1022.2  24.6  25.2 999.0 99.0
87 12 27 15 137 05.7 06.7 99.00 99.00 99.00 999 1023.0  24.6  25.4 999.0 99.0
87 12 27 16 133 05.5 05.8 99.00 99.00 99.00 999 1022.5  24.5  25.5 999.0 99.0
87 12 27 17 141 05.7 06.6 99.00 99.00 99.00 999 1021.5  24.5  25.5 999.0 99.0
87 12 27 18 140 05.3 05.9 99.00 99.00 99.00 999 1020.6  24.4  25.5 999.0 99.0
87 12 27 19 134 05.8 06.3 99.00 99.00 99.00 999 1020.1  24.4  25.5 999.0 99.0
87 12 27 20 126 05.1 05.9 99.00 99.00 99.00 999 1019.9  24.5  25.5 999.0 99.0
87 12 27 21 129 03.9 05.1 99.00 99.00 99.00 999 1020.3  24.6  25.5 999.0 99.0
87 12 27 22 107 03.9 04.6 99.00 99.00 99.00 999 1020.8  24.4  25.4 999.0 99.0
87 12 27 23 102 04.9 05.1 99.00 99.00 99.00 999 1020.9  24.3  25.3 999.0 99.0
87 12 28 00 100 05.9 06.3 99.00 99.00 99.00 999 1021.3  24.4  25.3 999.0 99.0
87 12 28 01 101 05.4 06.0 99.00 99.00 99.00 999 1021.6  24.5  25.3 999.0 99.0
87 12 28 02 107 06.0 06.9 99.00 99.00 99.00 999 1021.6  24.5  25.2 999.0 99.0
87 12 28 03 108 07.1 07.9 99.00 99.00 99.00 999 1021.4  24.5  25.2 999.0 99.0
87 12 28 04 123 07.6 08.8 99.00 99.00 99.00 999 1021.2  24.6  25.2 999.0 99.0
87 12 28 05 138 07.7 08.6 99.00 99.00 99.00 999 1020.6  24.6  25.2 999.0 99.0
87 12 28 06 154 07.9 08.7 99.00 99.00 99.00 999 1020.2  24.6  25.1 999.0 99.0
87 12 28 07 156 07.9 09.0 99.00 99.00 99.00 999 1019.8  24.5  25.2 999.0 99.0
87 12 28 08 152 05.7 06.5 99.00 99.00 99.00 999 1019.4  24.6  25.1 999.0 99.0
87 12 28 09 161 05.8 06.5 99.00 99.00 99.00 999 1019.3  24.7  25.1 999.0 99.0
87 12 28 10 165 05.8 06.4 99.00 99.00 99.00 999 1019.3  24.6  25.1 999.0 99.0
87 12 28 11 159 05.7 06.3 99.00 99.00 99.00 999 1019.9  24.5  25.1 999.0 99.0
87 12 28 12 149 05.5 06.0 99.00 99.00 99.00 999 1020.1  24.5  25.1 999.0 99.0
87 12 28 13 146 04.0 04.3 99.00 99.00 99.00 999 1020.8  24.6  25.3 999.0 99.0
87 12 28 14 161 04.0 04.6 99.00 99.00 99.00 999 1021.1  24.8  25.4 999.0 99.0
87 12 28 15 166 02.9 03.6 99.00 99.00 99.00 999 1021.5  25.2  25.6 999.0 99.0
87 12 28 16 156 03.1 03.6 99.00 99.00 99.00 999 1021.2  25.2  25.8 999.0 99.0
87 12 28 17 178 02.2 02.5 99.00 99.00 99.00 999 1020.6  25.2  25.8 999.0 99.0
87 12 28 18 180 03.1 03.5 99.00 99.00 99.00 999 1019.5  25.1  25.8 999.0 99.0
87 12 28 19 182 03.5 03.9 99.00 99.00 99.00 999 1018.7  25.1  25.8 999.0 99.0
87 12 28 20 191 03.2 03.7 99.00 99.00 99.00 999 1018.2  25.1  25.7 999.0 99.0
87 12 28 21 200 03.0 03.7 99.00 99.00 99.00 999 1017.9  25.0  25.6 999.0 99.0
87 12 28 22 186 02.8 03.3 99.00 99.00 99.00 999 1017.9  24.9  25.6 999.0 99.0
87 12 28 23 187 02.7 03.1 99.00 99.00 99.00 999 1018.1  24.7  25.6 999.0 99.0
87 12 29 00 202 02.7 03.2 99.00 99.00 99.00 999 1018.5  24.6  25.5 999.0 99.0
87 12 29 01 226 03.5 03.9 99.00 99.00 99.00 999 1018.6  24.7  25.5 999.0 99.0
87 12 29 02 227 03.7 04.0 99.00 99.00 99.00 999 1018.7  24.7  25.4 999.0 99.0
87 12 29 03 245 03.1 03.5 99.00 99.00 99.00 999 1018.7  24.7  25.4 999.0 99.0
87 12 29 04 279 03.2 03.5 99.00 99.00 99.00 999 1018.9  24.7  25.2 999.0 99.0
87 12 29 05 305 02.7 02.9 99.00 99.00 99.00 999 1018.6  24.5  25.2 999.0 99.0
87 12 29 06 322 03.1 03.5 99.00 99.00 99.00 999 1018.2  24.3  25.2 999.0 99.0
87 12 29 07 013 03.4 03.8 99.00 99.00 99.00 999 1017.7  24.0  25.3 999.0 99.0
87 12 29 08 014 04.3 04.8 99.00 99.00 99.00 999 1017.5  23.3  25.3 999.0 99.0
87 12 29 09 011 05.4 06.1 99.00 99.00 99.00 999 1017.3  22.9  25.2 999.0 99.0
87 12 29 10 008 04.5 05.1 99.00 99.00 99.00 999 1017.3  22.8  25.2 999.0 99.0
87 12 29 11 010 05.4 06.2 99.00 99.00 99.00 999 1017.7  23.1  25.1 999.0 99.0
87 12 29 12 007 06.3 07.2 99.00 99.00 99.00 999 1017.9  22.8  25.1 999.0 99.0
87 12 29 13 360 07.5 08.2 99.00 99.00 99.00 999 1018.4  22.7  25.1 999.0 99.0
87 12 29 14 006 09.0 09.7 99.00 99.00 99.00 999 1018.9  22.5  25.1 999.0 99.0
87 12 29 15 028 12.1 13.9 99.00 99.00 99.00 999 1019.8  21.3  25.1 999.0 99.0
87 12 29 16 008 08.5 09.4 99.00 99.00 99.00 999 1019.7  20.8  25.0 999.0 99.0
87 12 29 17 011 12.3 13.8 99.00 99.00 99.00 999 1019.7  20.8  25.0 999.0 99.0
87 12 29 18 016 12.8 14.1 99.00 99.00 99.00 999 1019.3  21.5  25.1 999.0 99.0
87 12 29 19 029 11.9 13.3 99.00 99.00 99.00 999 1019.3  20.3  25.0 999.0 99.0
87 12 29 20 035 08.7 10.0 99.00 99.00 99.00 999 1019.5  19.0  24.8 999.0 99.0
87 12 29 21 029 09.3 11.3 99.00 99.00 99.00 999 1019.7  18.7  24.6 999.0 99.0
87 12 29 22 034 09.3 10.5 99.00 99.00 99.00 999 1020.4  18.8  24.4 999.0 99.0
87 12 29 23 045 09.9 12.5 99.00 99.00 99.00 999 1021.0  18.6  24.2 999.0 99.0
87 12 30 00 050 09.4 10.4 99.00 99.00 99.00 999 1022.2  17.8  24.3 999.0 99.0
87 12 30 01 048 11.4 13.8 99.00 99.00 99.00 999 1023.2  17.3  24.3 999.0 99.0
87 12 30 02 044 12.2 13.6 99.00 99.00 99.00 999 1023.7  16.1  24.1 999.0 99.0
87 12 30 03 042 11.3 13.1 99.00 99.00 99.00 999 1024.1  15.4  23.9 999.0 99.0
87 12 30 04 040 13.5 15.3 99.00 99.00 99.00 999 1024.9  14.9  23.9 999.0 99.0
87 12 30 05 038 13.4 14.7 99.00 99.00 99.00 999 1024.7  14.3  23.7 999.0 99.0
87 12 30 06 034 12.1 14.0 99.00 99.00 99.00 999 1024.7  13.9  23.7 999.0 99.0
87 12 30 07 031 12.2 14.7 99.00 99.00 99.00 999 1024.5  13.5  23.5 999.0 99.0
87 12 30 08 034 10.2 11.7 99.00 99.00 99.00 999 1024.6  13.4  23.5 999.0 99.0
87 12 30 09 031 12.1 13.3 99.00 99.00 99.00 999 1024.8  13.2  23.3 999.0 99.0
87 12 30 10 027 10.6 11.9 99.00 99.00 99.00 999 1025.1  13.0  23.2 999.0 99.0
87 12 30 11 025 10.5 12.1 99.00 99.00 99.00 999 1025.7  13.1  23.1 999.0 99.0
87 12 30 12 031 09.5 11.0 99.00 99.00 99.00 999 1026.3  13.1  22.9 999.0 99.0
87 12 30 13 030 08.9 09.7 99.00 99.00 99.00 999 1027.1  13.3  22.5 999.0 99.0
87 12 30 14 031 09.9 11.5 99.00 99.00 99.00 999 1028.0  13.3  22.1 999.0 99.0
87 12 30 15 033 08.5 09.9 99.00 99.00 99.00 999 1028.2  14.1  21.7 999.0 99.0
87 12 30 16 042 07.8 08.6 99.00 99.00 99.00 999 1028.0  15.4  21.7 999.0 99.0
87 12 30 17 096 11.4 12.4 99.00 99.00 99.00 999 1027.3  19.6  21.7 999.0 99.0
87 12 30 18 092 11.7 13.7 99.00 99.00 99.00 999 1026.7  19.7  23.3 999.0 99.0
87 12 30 19 097 11.2 12.7 99.00 99.00 99.00 999 1026.2  19.8  23.5 999.0 99.0
87 12 30 20 089 10.2 11.9 99.00 99.00 99.00 999 1026.1  19.7  23.5 999.0 99.0
87 12 30 21 098 09.5 11.9 99.00 99.00 99.00 999 1026.1  19.8  23.1 999.0 99.0
87 12 30 22 093 11.2 13.9 99.00 99.00 99.00 999 1026.5  19.7  23.1 999.0 99.0
87 12 30 23 094 11.7 12.8 99.00 99.00 99.00 999 1027.1  19.9  23.1 999.0 99.0
87 12 31 00 109 11.7 13.3 99.00 99.00 99.00 999 1026.9  20.5  23.0 999.0 99.0
87 12 31 01 113 12.8 14.7 99.00 99.00 99.00 999 1026.9  20.3  22.9 999.0 99.0
87 12 31 02 102 09.9 11.2 99.00 99.00 99.00 999 1027.5  20.5  22.9 999.0 99.0
87 12 31 03 111 10.6 12.3 99.00 99.00 99.00 999 1028.1  20.4  23.2 999.0 99.0
87 12 31 04 112 10.7 12.6 99.00 99.00 99.00 999 1027.9  20.5  23.2 999.0 99.0
87 12 31 05 141 11.5 12.8 99.00 99.00 99.00 999 1027.5  20.7  22.5 999.0 99.0
87 12 31 06 148 09.9 11.1 99.00 99.00 99.00 999 1027.7  20.4  23.3 999.0 99.0
87 12 31 07 115 10.2 12.4 99.00 99.00 99.00 999 1027.4  20.4  23.5 999.0 99.0
87 12 31 08 119 09.7 10.9 99.00 99.00 99.00 999 1027.2  20.7  23.7 999.0 99.0
87 12 31 09 117 11.3 12.5 99.00 99.00 99.00 999 1026.9  20.6  23.8 999.0 99.0
87 12 31 10 128 10.1 11.5 99.00 99.00 99.00 999 1026.8  19.3  23.5 999.0 99.0
87 12 31 11 140 11.9 13.9 99.00 99.00 99.00 999 1026.5  20.8  23.6 999.0 99.0
87 12 31 12 140 10.9 12.5 99.00 99.00 99.00 999 1026.7  20.8  23.7 999.0 99.0
87 12 31 13 126 12.0 13.3 99.00 99.00 99.00 999 1027.2  21.0  23.7 999.0 99.0
87 12 31 14 129 10.1 12.6 99.00 99.00 99.00 999 1028.1  21.1  23.7 999.0 99.0
87 12 31 15 123 13.0 14.0 99.00 99.00 99.00 999 1027.9  21.1  23.6 999.0 99.0
87 12 31 16 138 09.7 11.5 99.00 99.00 99.00 999 1028.2  21.4  23.6 999.0 99.0
87 12 31 17 128 10.5 11.9 99.00 99.00 99.00 999 1027.5  21.4  23.6 999.0 99.0
87 12 31 18 143 10.9 12.4 99.00 99.00 99.00 999 1026.5  21.5  23.6 999.0 99.0
87 12 31 19 146 10.5 12.1 99.00 99.00 99.00 999 1025.9  21.5  23.8 999.0 99.0
87 12 31 20 123 09.3 10.7 99.00 99.00 99.00 999 1025.6  22.1  24.0 999.0 99.0
87 12 31 21 120 09.8 10.5 99.00 99.00 99.00 999 1025.5  22.1  24.1 999.0 99.0
87 12 31 22 134 08.8 09.7 99.00 99.00 99.00 999 1025.6  22.1  24.1 999.0 99.0
87 12 31 23 127 09.7 11.6 99.00 99.00 99.00 999 1025.7  22.1  24.2 999.0 99.0
